ENTREZID	log2FoldChange
66050	1.01814059831025
66952	1.12170912970673
69662	2.34310681822661
69662	1.29471299137418
66520	2.23910239595627
70045	5.87506019124213
74477	1.33053504998776
74477	1.33053504998776
56321	1.49129134819204
24015	1.52128591002354
26357	2.19074827770156
11429	1.16670308123325
56456	1.52202407442513
109711	2.11825608451617
109711	2.44116705931694
11477	1.38322865832763
75894	1.94768666604426
11501	1.91753605734317
11504	1.90287345574356
56417	1.25513826338385
240442	1.06015837488782
68048	1.63722910383462
70292	1.10282854809677
269378	1.50614885677256
231872	1.28106089629135
11636	2.13280092188796
219181	1.39491914966295
68050	1.20980901582492
11677	1.73804733926271
14187	2.76940986615587
11651	1.12758126896123
11651	1.30350311364945
56752	1.59396974773369
56752	1.38407514236263
380959	1.55610234899957
11717	1.47289274099859
68420	1.43899591516825
66471	2.66880837973342
66471	1.68176821810814
71914	3.1347705752185
57267	1.12961730687187
11787	1.35932239261472
235606	1.6106584448694
11821	1.82341333963569
11828	3.49762903309568
11843	1.09993665600452
11855	1.13782167418416
11857	1.08406466673342
107566	1.06460334278045
54208	1.41872903061607
11867	1.76857236803796
68089	1.2960205487195
67771	1.27880889062553
66403	1.98424061921713
12316	1.5289538247621
11898	2.36434136344309
11909	1.64274606536914
109168	1.62590326226776
109168	1.75858297918761
231287	1.41341907758476
11928	3.68121605275883
11938	2.75753421042983
11938	2.13174312833583
67126	2.08514420158202
57423	1.3726047422978
70495	2.17198222908084
70495	1.44188960143725
11984	1.15354078325544
20238	2.24511192308427
20877	1.61236573902936
20877	2.62229325800006
53625	1.01570796585535
14595	1.432596562098
56336	2.0082152097174
29815	1.83069512409099
53619	1.04067946872467
104184	1.54099718086656
12173	3.56517724933737
69556	1.36150926958996
12181	1.09786590511534
12237	1.26856271660712
231889	2.27668744021188
66882	2.86060208793565
66882	1.5654650683126
66882	1.75147797735522
78520	2.02949659636724
12283	1.15634784188014
12301	1.79395616895094
69719	1.96813135320332
69719	1.73110662640032
109624	1.54640138364175
12313	1.67973137953403
12313	2.06722078124872
12313	1.78635301035602
12317	1.68465915762517
12317	2.02874163628991
12317	2.33932664051971
12330	2.16698414528244
12334	2.57461877507627
12336	1.74197009980896
53872	1.10984076018018
53872	1.25152223905645
76459	1.43329151065546
52502	1.32309965436476
12367	1.65429973396705
12367	1.40249003244165
12368	2.10776715222897
67500	1.24444951772998
67500	1.58140141036844
52713	1.20634447357527
216527	1.72417045445917
12428	1.56549890473704
12428	1.77417045084027
268697	2.91531613084341
268697	2.4436453858469
268697	2.32649261166904
12442	1.93996519266019
12450	1.67128088756197
12461	1.58928969630435
12462	1.36116239615661
12462	1.4274536293927
12465	1.04814097356476
12468	1.52370806709955
12505	1.47119140498189
12505	1.99512726011557
12505	1.12928319196086
107995	1.40368962441866
107995	1.23068545842156
12530	1.04899561529966
108912	1.06690473003849
14793	1.60253738633104
67849	1.69807514470874
52276	1.15753974651295
12560	1.5359268680622
52858	1.62665058554424
12534	2.36238430790146
52626	1.17576368722834
52626	1.77932586419041
12615	2.0050395608236
108000	1.77936021729863
320394	1.06671332168919
106143	1.3656495709213
103172	2.02857497251413
109006	1.33981123259938
23991	1.10717629122442
67006	1.17724318840932
216197	1.38674459139393
54124	2.23703722677972
54124	2.20447808577659
76707	1.95729531535558
12764	1.68582511249993
66054	1.10187861928201
98417	1.26522637013073
12847	1.25891442642923
72042	2.49088621619455
12858	1.33102963066481
12858	1.5206401918434
12868	1.05328657904346
432508	1.5605755519856
12913	1.06878970329563
13017	1.57126560464265
54366	1.93201669669038
66642	1.58400961790214
13039	3.46745030482536
75717	1.70781145373577
66427	1.34762296781916
72017	1.05371461053314
266690	1.09661229535372
232174	1.38340757023919
28109	1.89320706942545
223453	1.84500173170918
70248	1.20835232094622
76863	1.67882338756353
66498	1.52567507993447
66942	2.69686037996998
56200	1.40420124427634
68278	1.79471258464306
234374	1.04966298757188
329727	1.35241436108408
67819	1.33934451843679
245474	1.75482531446603
235339	2.7509649651004
235339	2.34037107166273
13382	1.56655361459819
71228	1.37201378155271
15502	1.14510671787318
56445	1.44682104067325
23950	1.81771744891418
27362	1.19505478682991
22791	1.5881040130743
22791	1.47373341219431
13002	1.44193164016002
105638	1.38334560853515
21915	1.89992069452236
13548	1.590957739314
74427	1.66559811945094
27984	1.51368907036515
27984	1.3708042960022
13640	1.69287997705059
20624	1.4505056606233
13660	1.39223737477335
13660	1.39223737477335
13661	2.44392315388351
13664	2.14011628295852
13665	1.31066300216313
67204	1.47379159601782
26905	1.7210461164979
56347	1.37288322543536
26987	1.94389381228954
26987	1.36468110810983
13685	2.11949728324591
217869	1.62897351155435
226982	1.93719748846808
192657	1.96495203945756
74559	1.40036168799623
13800	2.00480700242473
13800	1.287095828926
13800	1.90944728116872
67870	2.09614170316269
93685	1.39684345146332
223527	1.20227458682201
57837	1.04352160462639
76299	1.90231366406328
13885	1.20074088702828
225363	1.41632021753742
225363	1.65302546872819
14026	1.64345355645177
107371	1.62755833060296
107371	1.71246200751343
69639	2.10142774516289
14043	1.73188850540286
107373	1.44574041776306
27999	1.21202859709652
72722	1.54392208503723
66590	1.09951327906328
14114	2.69361580127585
14114	2.30269203799713
101358	1.05395025124246
72194	1.48208808713249
14137	1.554905571395
14155	2.01321473727428
225020	1.2563498060361
14181	1.92597461154401
192176	1.5250970576447
14252	2.47002348836039
14252	4.25250758318571
14281	3.29476165956783
14283	2.48462101791633
232288	2.31364177056835
232288	1.4099996136583
14086	1.85777009268554
14086	3.52301272639527
14319	1.5567323465433
56095	2.05833877031346
66848	1.89800285734451
18550	1.74894616593137
23881	1.76732671916226
353172	1.59215712111148
14450	1.37283653177747
14450	2.38319499932129
67210	1.12389155536034
68133	1.91343172941404
11692	1.26873265125826
14583	1.12759142000025
14660	1.6524228264758
63985	2.76586813361236
14678	1.59275572196642
14682	1.37633437616958
432486	2.08705608900391
14719	1.72171918621391
14719	1.88005068222429
66614	1.13571565441504
237943	2.87984086413168
333433	2.36922784923173
14571	1.98948135875573
67549	1.36221528245806
67839	1.50961058029384
101612	1.88875994997054
14782	1.5498503181915
14873	2.09905439345301
83602	1.82841684889179
66467	1.30002504233115
14950	1.64256909978314
51788	1.29030679692951
51788	1.43713127535989
15115	1.78097439043843
225745	1.38209194911184
225745	1.38209194911184
66296	1.39169812180181
67345	1.61836477318788
15251	1.48403725138085
15254	1.44632876697032
68917	1.38042082195924
15288	1.32952908466597
97165	1.33318842962286
15357	1.15305942936228
77134	1.75229930044487
56258	1.01469791226272
23908	1.67157623511387
15519	1.28113513016392
15526	1.11171843625435
12282	2.00859650358512
105148	2.0867551609136
15894	1.45003414124025
15925	1.6065626055511
15925	1.6065626055511
15925	1.54399575301194
15925	1.54399575301194
67834	1.0694684270213
15939	2.00632747091882
66141	1.17066280596292
15982	2.63967552909848
16004	1.90996233372376
78908	1.87961867405561
78908	1.37871868175899
16164	2.27265616561209
77125	2.91514809850606
16190	1.92021242261699
16190	1.79246455876123
76614	1.59193293026587
55980	2.6642465426799
23918	1.36092394163682
16319	1.92968014564458
109077	1.27481059911344
109077	2.11075707062411
75751	2.34950276337589
70572	1.27817761423769
226432	1.27749321227233
16400	1.73127568199432
16403	1.61186913560979
16403	1.02329955697555
16412	1.15305274547767
16412	1.94812985448761
16412	2.51944740331364
16413	1.69841512543992
16443	1.85763134542832
73473	1.35191854744983
16449	1.10743833578997
16468	1.63137190049327
16477	2.18197120476366
14534	1.19756567220533
16516	2.28977277528725
238076	1.02443976201882
225876	1.8866382664597
225876	1.17427363063228
73804	1.95996834575836
16593	1.0450494957693
16647	2.31008998088876
16211	1.39375517897165
16653	1.76808336094522
16666	4.309556727508
16687	5.08215378104242
16687	4.458359416937
16688	7.09075666535437
16774	1.03040900845287
16782	1.29808704867584
207214	1.66998307571053
16796	1.40571059223196
16796	1.81558408862153
16796	1.50206628662609
16796	1.53972178521948
16819	3.22509433285802
16828	1.13092454105003
16835	1.72664743681972
246316	2.73840340095738
16885	1.61826553981112
16906	1.38163752492462
140887	1.4092181903625
98238	2.08793206077443
16978	1.8047019155777
268977	2.33744269873979
17069	2.93092316172488
17089	1.216628921456
67075	1.03529328959764
74840	1.53430509934083
17161	1.6201207575487
26397	1.03734368430942
23938	1.61233718182792
53608	1.05863342088762
26921	2.20648127709209
50772	2.53017487303172
50772	2.90525468000099
13589	1.74571134607945
223455	1.20158890235634
17118	1.3373779076182
17118	1.61061781001238
17357	2.1684234930083
232087	1.08279251837523
232087	1.08279251837523
17210	1.65517345407792
17216	2.47472971122563
17218	2.82041001988318
17448	2.10795593508897
17279	1.52426276003743
17295	1.48899581315905
67011	1.3927152729626
240396	1.8062374850594
56615	1.9452774687064
17392	1.77832994328477
21761	1.31613811359311
56397	1.18195758882257
56397	1.20477114627386
27397	1.34689727434437
94065	1.07408633521525
66223	1.13946709674178
64655	1.46654605651671
64656	1.32899117759766
64656	1.32899117759766
64660	1.66695498234958
99045	1.26266644718673
121022	1.14790645505277
17698	1.78536696639724
17748	1.10547914700871
17750	1.93174674661464
17765	1.56875025703898
108156	1.8261844286239
14489	1.50740363410295
211401	1.4127096883079
211401	1.97576179098434
17827	1.50204650225083
78388	1.04869399795335
17874	1.2707894781094
17886	1.12497121684493
17886	1.11241606891637
17909	1.41785236803519
74838	1.10927770927082
231713	1.1951142849676
192185	1.17732587727149
53605	1.77731139092546
53605	1.29033900235231
70223	1.4659825729561
50927	1.87992626419807
215690	2.58461286112897
68298	1.4765786546528
54392	2.24275022621676
215387	1.95969774246602
66414	1.73299538213384
66414	1.60993716909324
17992	2.03901928081619
68493	2.33044749312622
68198	1.02001336939245
66916	1.3153788818644
66218	1.34068321108661
66377	1.3021478296417
68197	1.15139391734796
225887	2.36673065697327
225887	1.65974377678272
225887	2.57566732214407
18033	1.36501179145003
18035	1.09500587231372
56748	1.54164121853328
18045	2.03465679411429
52530	1.43149657273609
52530	2.80051250045457
65102	2.16698431727377
93790	1.43541644826059
77286	1.3961568839809
230082	1.05642101916647
75416	1.24262412655136
28126	2.01729940153648
18164	1.63343180965037
641340	1.63940221915542
641340	1.63940221915542
268903	1.35079615818947
52653	1.38351610744345
110959	1.42314492143706
53893	1.43617055219063
234865	2.30793034356169
170762	1.26299833337182
70699	1.97615991401652
69912	1.61306719678297
69912	1.61306719678297
52014	1.14945335943115
18263	3.30243170077395
67059	2.3717074202488
237542	2.30764136262649
18414	2.73374957664679
18414	1.04651924120595
66357	1.72944014845449
170711	1.58041456288618
18453	1.49126010838558
18813	1.98544973012989
18813	1.45869553315117
230721	1.22859770102821
18475	1.06294418248293
68083	2.11888427957272
55991	1.76014403705454
54216	2.62671449111841
18537	2.9240897687586
18537	2.9240897687586
18538	1.45698855152309
18571	1.42189195292322
18571	1.73179318203859
18611	1.09285041945795
19298	1.53489215693922
56698	1.86145759723683
68479	1.06953716780494
27280	1.50646451546126
73373	1.16477457500526
233489	1.43230874481806
18701	1.51014017234844
329777	1.24349434166797
14755	1.52285827784918
71795	1.91359978812941
71795	2.22412383165023
69617	1.60918853606199
18744	2.31056227383823
109333	2.02125050897924
18798	1.26022952750352
353047	1.20181138440208
11520	2.08978062436787
65112	2.2470679962802
66249	1.63128617097256
69745	1.56312407138695
69745	1.56312407138695
20019	1.44290893036418
20022	1.09848928055732
107939	1.19304263861946
107939	2.37192204890536
170826	1.5979280808963
231327	3.23911998347201
233977	1.13585952150312
223828	1.5109779844807
105675	2.25129121081344
228005	1.70777421890967
66101	3.93234600091132
19047	1.2008224590909
66849	1.49276533340812
70351	2.15619095151599
66943	1.91625229296269
233406	1.24654128687464
53381	2.25001940747105
19076	1.60300399132764
19087	1.62029059433844
19089	1.13388402367045
19122	1.54641939135351
56194	1.54162766235262
19142	2.35252440555597
107272	1.00034857300361
26443	1.15894276967146
26444	1.52097764270348
23996	1.06493438143974
70247	1.18473208814999
69077	1.04620623831221
17463	1.34432884932278
19192	2.00069919877228
27388	1.18015243419654
27388	1.15339025724141
64292	1.54887395996438
19229	1.49596728899026
19244	1.40339377936192
19244	1.32786199225045
19255	1.08397839095616
19267	2.16076389930125
19271	3.49582319327097
19283	1.58146948782524
19303	1.53239842795331
69051	1.16426604345418
110391	2.03128995197061
60507	1.41760970362391
53869	1.20460370404459
19336	1.13038968845854
106572	3.76548356816358
106572	3.76269079807451
235442	1.88128433051786
56715	1.29073864351585
58186	1.78446810170469
19357	1.48162780898889
19359	1.32725254420071
19385	1.65549848856627
71810	1.08592344751786
114713	1.30822585406348
245688	1.44734164922101
19652	1.64447517290075
245945	1.18410627576646
56878	1.21896672213249
227656	1.13056449018722
19718	1.12938417719133
54391	2.48925842404902
19719	1.12573188415263
58175	1.94156945068468
71340	1.51230343361047
19820	1.81970550401733
19820	2.13504039898566
67150	1.48920686930525
67150	1.87393033329154
213211	1.59813179266444
27050	2.37482691030593
20111	1.08364295959707
56613	2.23149651939437
58988	1.22997604994125
58988	1.22997604994125
68441	2.19328018873304
66922	2.78690496923541
81910	2.47636591249743
20135	2.67539722862637
20174	1.40566254778607
20198	1.23218337317404
56459	1.52486046513643
20229	1.55072876807556
216161	1.85573908978172
216161	1.24241647843033
216161	1.3362750994036
30953	1.39207288755978
74617	1.12757095347973
53378	1.72523997720389
64136	1.56930461890411
207352	1.8736787589934
53421	1.32990463322079
53421	1.21776637140127
53421	2.34984314707298
53421	1.47804011973673
140740	1.31580787974053
140740	1.39945877829839
20768	1.48940703984852
20768	1.86241369079
18000	1.38452219199773
18000	1.38452219199773
235072	1.09128603189332
56442	1.30675989202661
230779	1.51528708402793
28146	2.15494014900949
66222	3.60963034571944
20719	1.38336949112412
56086	1.15450723004089
319322	1.03487592254477
55948	1.4857048426753
106489	1.19123499167596
20416	1.58996238246683
66940	1.04060637279835
20499	1.49416876062492
20501	2.52614978178039
116914	1.27300493171555
116914	2.18307539669901
20514	1.00948892622075
20515	2.35572486644237
68066	1.78096252163421
68066	1.36707528774232
11740	1.09542799012568
20525	1.06076840695009
66500	1.13025746170864
228368	1.21374917892089
270066	1.41306769270307
213053	1.01246091187573
269356	1.61524580215468
218756	2.58020937239613
11987	1.48194476906109
70099	1.54152301392437
67241	1.26586573346203
228608	2.05322795532555
226830	1.12741489161976
20621	2.00083348556443
78372	1.42483443684358
66585	1.7691231045454
66585	1.7691231045454
20639	1.44289902613331
20641	2.41203878984334
69178	1.88682459631776
12702	3.61121327067023
12702	3.13459692259987
12702	1.72090957495791
20655	1.00594282564922
20656	2.21982988633641
81840	3.34547739214837
20670	1.38894669998928
20692	1.50099401027389
76687	1.02795076746301
20751	1.58086139994031
24064	1.85360190283856
66701	1.74629869766162
20779	1.20061891661531
67398	1.37778989913423
231637	3.57240966172555
20833	1.40365309624274
20444	2.15117757621385
20444	1.23015066782696
20846	1.54985816556241
13830	1.33495462147656
20901	1.94661380774429
20024	1.58377202742013
20932	1.4222571621536
20932	1.35005686470666
20932	1.54591223064733
20932	1.62680043380769
20937	1.44161744773312
52615	1.26859146788983
19027	1.55977964014943
66460	1.09422751374684
21335	1.5888021864502
21335	2.01199563621076
75316	1.82158295017091
226182	1.89696067373024
21346	1.19055326310652
230908	1.36294131321983
110960	1.12965863122563
56070	1.40814720341663
21406	1.12104222526267
21766	1.85272716684646
22042	1.13221017386069
21810	1.05151853782196
21812	1.75671110330098
225160	1.60101623023952
21856	1.1395855731992
30058	1.5802664167741
94242	3.48305938272234
99929	2.2507618752364
21873	1.33127381148093
74140	1.35528391533174
107358	1.42138123648073
99237	1.08810912354051
56334	1.17390052961914
56334	1.14744117176761
215210	1.27670468168628
21982	1.52217360727061
73067	1.03311119248005
233724	1.75267056901902
230657	1.42018391057552
72477	1.28116768667366
21927	1.34060875640442
53333	1.97106291494433
240832	1.64306023069651
21991	1.32194843073142
20462	1.0791491048828
22031	1.66130483500287
67095	1.61293928760093
72265	1.42902904723761
170829	1.65621738916193
93679	1.34934907764432
93679	1.89104229352662
277414	1.00359110826461
22099	1.05753583426317
56434	2.8048451869959
64540	1.07953544753098
12257	1.5181720713451
12257	1.64420659623998
67120	1.13876960013183
69863	1.4692426140173
72354	1.15428564145363
67951	4.20667728614248
19230	2.34907957341899
19230	2.6968934357446
19230	1.80120574575522
98258	1.61533960190325
53382	1.65054149763481
50493	1.74022020231614
232223	1.39243903306869
50995	1.6103435776906
50995	1.79963031672764
50995	1.5940535710076
68889	1.16821452974728
72828	1.45221688827954
66105	1.38657969357541
22193	1.27823600236822
67921	2.72477614704983
56228	1.27760208625904
77891	1.52676575890722
94232	1.61187677685609
56207	1.85723428965581
329908	2.14811547361507
235441	1.17944085837965
76179	1.59707899582173
170707	1.22859539072248
98910	1.81876357941847
22346	1.17529935092555
56433	2.63675058205496
65114	1.73151106940121
22367	1.20135643588425
60321	1.38834868029491
225348	1.22306869142776
83669	1.64714186570237
73674	1.20559567260954
70465	1.57026415377667
59043	1.24109314715336
22433	1.49673561715719
170750	1.45986192501448
103573	2.11054287648441
73192	1.86801030385171
19775	1.7629093822159
24128	1.67547608082045
70120	1.77491705879297
67180	1.227687795759
27377	1.04389306176334
228994	1.00959019298685
229096	1.2609759795759
100494	2.30351409852163
22682	1.00249503328434
54367	1.04377098630513
22722	1.40387466289148
22401	1.28110373308839
230709	1.9033895612808
29805	1.19625427196232
448850	1.18009621513702
52696	1.42769016638862
52696	1.1871990040977
